110.0,578.0
110.0,578.0
110.0,578.0
110.0,578.0
110.0,578.0
110.0,578.0
110.0,578.0
10.07516860961914,46.92773789167404
10.07516860961914,46.92773789167404
10.07516860961914,46.92773789167404
10.07516860961914,46.92773789167404
10.07516860961914,46.92773789167404
10.07516860961914,46.92773789167404
10.07516860961914,46.92773789167404
10.07516860961914,46.92773789167404
10.07516860961914,46.92773789167404
10.07516860961914,46.92773789167404
10.07516860961914,46.92773789167404
10.07516860961914,46.92773789167404
10.07516860961914,46.92773789167404
10.07516860961914,46.92773789167404
10.07516860961914,46.92773789167404
10.07516860961914,46.92773789167404
10.07516860961914,46.92773789167404
10.07516860961914,46.92773789167404
10.07516860961914,46.92773789167404
10.07516860961914,46.92773789167404
10.07516860961914,46.92773789167404
10.07516860961914,46.92773789167404
10.07516860961914,46.92773789167404
10.07516860961914,46.92773789167404
10.07516860961914,46.92773789167404
10.07516860961914,46.92773789167404
10.07516860961914,46.92773789167404
10.07516860961914,46.92773789167404
10.07516860961914,46.92773789167404
10.07516860961914,46.92773789167404
10.07516860961914,46.92773789167404
10.07516860961914,46.92773789167404
10.07516860961914,46.92773789167404
10.07516860961914,46.92773789167404
10.07516860961914,46.92773789167404
10.07516860961914,46.92773789167404
10.07516860961914,46.92773789167404
10.07516860961914,46.92773789167404
10.07516860961914,46.92773789167404
10.07516860961914,46.92773789167404
10.07516860961914,46.92773789167404
10.07516860961914,46.92773789167404
10.07516860961914,46.92773789167404
10.07516860961914,46.92773789167404
10.07516860961914,46.92773789167404
10.07516860961914,46.92773789167404
10.07516860961914,46.92773789167404
10.07516860961914,46.92773789167404
10.07516860961914,46.92773789167404
10.07516860961914,46.92773789167404
10.07516860961914,46.92773789167404
10.07516860961914,46.92773789167404
10.07516860961914,46.92773789167404
10.07516860961914,46.92773789167404
10.07516860961914,46.92773789167404
10.07516860961914,46.92773789167404
10.07516860961914,46.92773789167404
10.07516860961914,46.92773789167404
10.07516860961914,46.92773789167404
10.07516860961914,46.92773789167404
10.07516860961914,46.92773789167404
10.07516860961914,46.92773789167404
10.07516860961914,46.92773789167404
10.07516860961914,46.92773789167404
10.07516860961914,46.92773789167404
10.07516860961914,46.92773789167404
10.07516860961914,46.92773789167404
10.07516860961914,46.92773789167404
10.07516860961914,46.92773789167404
10.07516860961914,46.92773789167404
10.07516860961914,46.92773789167404
10.07516860961914,46.92773789167404
10.07516860961914,46.92773789167404
10.07516860961914,46.92773789167404
10.07516860961914,46.92773789167404
10.07516860961914,46.92773789167404
10.07516860961914,46.92773789167404
10.07516860961914,46.92773789167404
10.07516860961914,46.92773789167404
10.07516860961914,46.92773789167404
10.07516860961914,46.92773789167404
10.07516860961914,46.92773789167404
10.07516860961914,46.92773789167404
10.07516860961914,46.92773789167404
10.07516860961914,46.92773789167404
10.07516860961914,46.92773789167404
10.07516860961914,46.92773789167404
10.07516860961914,46.92773789167404
10.07516860961914,46.92773789167404
10.07516860961914,46.92773789167404
10.07516860961914,46.92773789167404
10.07516860961914,46.92773789167404
10.07516860961914,46.92773789167404
10.07516860961914,46.92773789167404
10.07516860961914,46.92773789167404
10.07516860961914,46.92773789167404
10.07516860961914,46.92773789167404
10.07516860961914,46.92773789167404
10.07516860961914,46.92773789167404
10.07516860961914,46.92773789167404
10.07516860961914,46.92773789167404
10.07516860961914,46.92773789167404
10.07516860961914,46.92773789167404
10.07516860961914,46.92773789167404
10.07516860961914,46.92773789167404
10.07516860961914,46.92773789167404
10.07516860961914,46.92773789167404
10.07516860961914,46.92773789167404
10.07516860961914,46.92773789167404
10.07516860961914,46.92773789167404
10.07516860961914,46.92773789167404
10.07516860961914,46.92773789167404
10.07516860961914,46.92773789167404
10.07516860961914,46.92773789167404
10.07516860961914,46.92773789167404
10.07516860961914,46.92773789167404
10.07516860961914,46.92773789167404
